% hospital admissions data for Italy available at 
% https://www.epicentro.iss.it/coronavirus/sars-cov-2-dashboard

dH_Italy_3=[
93
121
106
152
191
268
275
319
380
373
444
666
816
916
1090
1233
1202
1160
1453
1594
1753
1906
2326
1994
1901
2487
2667
2704
2782
2853
2537
2193
2701
2610
2316
2118
2212
1732
1424
1679
1565
1484
1449
1255
1011
836
1010
1011
1032
983
896
795
657
618
830
683
690
701
568
456
640
573
583
573
537
425
347
412
413
397
347
266
233
179
281
267
278
260
272
160
154
229
174
177
185
190
133
111
143
139
134
106
110
87
80
133
98
93
73
94
79
47
96
58
77
69
75
47
40
89
61
64
48
64
57
48
62
48
51
60
66
32
39
66
49
63
63
67
37
28
66
56
46
62
67
36
47
54
45
53
42
59
43
34
51
45
50
48
71
40
35
54
64
55
59
55
55
41
48
54
50
51
71
65
48
73
57
72
51
61
56
59
75
56
86
76
80
60
62
82
97
126
77
91
111
90
113
138
139
133
135
105
112
121
150
163
179
162
146
118
200
165
181
202
183
181
172
206
226
224
231
238
191
167
238
244
238
235
260
218
190
251
276
241
316
341
354
320
421
466
458
513
547
562
586
731
810
822
939
934
1103
1047
1268
1375
1393
1508
1685
1575
1657
1957
1962
2001
2095
2279
2061
1926
2418
2477
2597
2619
2552
2425
2178
2478
2514
2629
2527
2546
2297
1994
2474
2451
2311
2303
2199
1809
1595
2007
1951
1829
1775
1776
1609
1372
1594
1611
1610
1568
1532
1412
1267
1406
1273
1430
1386
1434
1247
1038
1339
1262
1242
1286
1252
1187
1028
1243
1272
1235
1236
985
1132
1185
1337
1400
1309
1358
1134
1382
1186
1410
1436
1195
1388
1442
1261
1143
1318
1283
1269
1256
1239
1171
923
];

data_dH3=dH_Italy_3;

data_dH_2021=[1164
1077
1079
1141
1066
998
858
1170
976
927
983
1025
906
827
1059
982
979
975
976
898
844
1026
959
1007
978
936
850
738
976
948
1022
1047
1036
994
931
1284
1275
1203
1208
1348
1331
1162
1454
1637
1618
1580
1703
1577
1375
1843
1851
1857
1737
1867
1845
1616
2037
2060
1918
1811
1877
1816
1644
1920
1847
1798
1852
1901
1698
1400
1854
1756
1718
1721
1821
1608];
