% hospital admissions data for Germany available at 
% https://www.rki.de/DE/Content/InfAZ/N/Neuartiges_Coronavirus/Daten/Klinische_Aspekte.html

num_dH_Ger=[162
524
2210
5132
6080
4719
3371
2234
1360
1081
742
513
419
308
287
319
295
259
256
319
334
390
399
437
434
366
397
464
674
770
872
1582
2317
4077
5868
6744
7403
7916
8139
8936
10964
12128
10641
10480
10533
9289
];


num_dH_Ger_2021=[8926
7571
6506
5236
5153
4850
4443
4917
5795
6903
6952
7615
7844
8020
];
