% hospital admissions data for France available at 
% https://www.ecdc.europa.eu/en/publications-data/

n_pop_fr= 67.1e6;

data_dH_week_11=n_pop_fr/1e5*[
1.729518188
11.48286666
25.36974868
29.82710056
24.41321619
15.24184536
11.36497888
7.310534603
5.412392122
3.987293011
2.612930412
2.108549784
1.454944119
1.047559765
0.919226233
0.822229958
0.798353952
0.74910969
0.761047693
0.841629213
0.937133238
0.990854251
1.226629811
1.408684357
1.593723404
2.307019085
3.23669107
4.7334182
5.733225953
5.915280499
6.925534005
10.56214818
17.19221661
24.09238236
27.612601
23.91778906
18.87547503
12.88110526
12.08424356
12.18422434
12.4110464
10.84866025
10.68003596
12.66025221
13.84360676
15.95215654
15.87157502
16.05810632
];

H_Fr_0=250;


data_dH_week_11_new=n_pop_fr/1e5*[1.723107959
11.42895917
25.2554151
29.69390354
24.34484167
15.2049423
11.31606589
7.274189376
5.401052189
3.972060933
2.623283324
2.098923747
1.445331073
1.044262841
0.915029744
0.818476281
0.794709274
0.747175262
0.756087889
0.837786973
0.932854999
0.987816201
1.22102995
1.405224249
1.586447673
2.293516111
3.221914796
4.717750757
5.707052396
5.883819505
6.882033771
10.50204592
17.10333193
23.99576377
27.48357195
23.7892879
18.76702238
12.81338729
12.01570714
12.11077516
12.35735786
10.7753665
10.63276446
12.58165898
13.7076209
15.79020483
15.63126298
15.73821451
13.83536856
13.17286326
13.64671795
13.38676632
13.86062101
15.53768039
18.04807043
19.41170242
19.55727534
18.67195435
17.54302155
];

